	-1 0
	0 0.0306278713629
	1 0.052067381317
	2 0.052067381317
	3 0.0428790199081
	4 0.0382848392037
	5 0.052067381317
	6 0.0490045941807
	7 0.04134762634
	8 0.0444104134763
	9 0.0321592649311
	10 0.0398162327718
	11 0.052067381317
	12 0.0275650842266
	13 0.0245022970904
	14 0.0245022970904
	15 0.0214395099541
	16 0.0275650842266
	17 0.0229709035222
	18 0.0122511485452
	19 0.0214395099541
	21 0.0183767228178
	23 0.0260336906585
	25 0.0153139356815
	27 0.0214395099541
	29 0.00765696784074
	31 0.0153139356815
	33 0.0137825421133
	35 0.0137825421133
	37 0.010719754977
	39 0.010719754977
	41 0.00918836140888
	43 0.0137825421133
	47 0.00918836140888
	50 0.010719754977
	55 0.0137825421133
	59 0.00765696784074
	64 0.010719754977
	69 0.010719754977
	74 0.00765696784074
	81 0.00765696784074
	101 0.00765696784074
	135 0.00918836140888
	166 0.00918836140888
	449 0.00765696784074
	1540 0.00306278713629
>>
